5866.8
5870.3
5803.3
5799.7
5786.7
5819.1
5791
5752
5748.1
5737.7
5605.6
5677.8
5722
5786.3
5767.3
5769.7
5776
5791.6
5884.9
5839.1
5868.5
5861.9
5782.7
5849.9
5795.1
5806.7
5805
5804.8
5797.9
5882.9
5896.1
5917
5910.9
5870.5
5805.6
5793.3
5829.8
5776.7
5810.3
5841.7
5871
5827.8
5825.8
5809.5
5820.5
5742.1
5779.4
5768.1
5859.7
5838.8
5852.6
5854.6
5888.5
5868.2
5893.5
5915.5
5819.9
5782.1
5792.2
5793.2
5794.8
5777.3
5657.9
5672
5758.4
5711.5
5719.5
5743.5
5775.7
5776.6
5776.6
5774.2
5857.5
5824.4
5852.4
5834.5
5833
5864.8
5831.9
5847.1
5851.5
5845.9
5841.2
5808.8
5787.3
5662.3
5712.8
5635.3
5693.6
5627.2
5573.2
5498.3
5499.2
5533.9
5651.8
5714.2
5685.8
5629.1
5662.4
5666.1
5608.3
5664.5
5664.1
5627.3
5662.6
5692.6
5684.5
5687.7
5640.6
5571.1
5493.1
5523.9
5447
5450.6
5513.7
5566.4
5622.3
5586.3
5491.1
5478.8
5467
5483.8
5473.7
5432.4
5435.1
5447.8
5384.1
5260.2
5320.9
5297.3
5391.1
5356.3
5351.5
5350
5266.4
5403.3
5304.5
5267.6
5338.4
5405.3
5437.6
5465.5
5575.5
5544
5530
5554.5
5655.1
5766.5
5758.1
5812.2
5737.8
5777.1
5748.7
5718.9
5709.5
5665.6
5772.1
5744.5
5745.3
5767
5666.3
5651.8
5710.5
5634.7
5595.5
5723.7
5703.8
5838.3
5874.9
5768.5
5742
5809
5869.5
5902.7
5854.9
5845.6
5892
5891.4
5961.1
5965.6
5940.7
5945.4
5955.9
5892.8
5887.5
5859.7
5791.4
5765.8
5874.8
5911.1
5931.3
5871.5
5927.9
5915.5
5935.1
5937.9
5916.5
5928.2
5945.3
5905.1
5885.4
5892.2
5899.9
5905.7
5852.4
5895.5
5875.9
5890.3
5892.2
5901.1
5796.1
5790.7
5681.6
5671.1
5733.5
5795.2
5723
5751.9
5782.6
5728.5
5741.1
5702.4
5694
5657.4
5636.6
5662.4
5670.8
5696.7
5612.3
5649.7
5624.3
5668.5
5699.9
5572.3
5566.8
5507.4
5512.7
5457
5389.7
5419.6
5365
5387.3
5400.9
5366.8
5490.1
5427.9
5529.2
5483.8
5546.9
5568.7
5568
5552.3
5489.3
5505.4
5337
5312.8
5164.6
5127.6
5139.8
5206.8
5222.6
5362.9
5423.1
5509
5517.4
5519
5545.4
5444.8
5460.4
5567.3
5510.8
5527.2
5545.6
5484.1
5421.6
